{
    "camera_angle_x": 0.6911112070083618,
    "frames": [
        {
            "file_path": "/scratch/tgmeijer/gaussian-splatting/data/c/input/000",
            "rotation": 0.09817477042468103,
            "transform_matrix": [
                [
                    -0.9807853102684021,
                    0.1586894989013672,
                    -0.11348074674606323,
                    -1.3617689609527588
                ],
                [
                    -0.19509033858776093,
                    -0.7977859377861023,
                    0.57050621509552,
                    6.84607458114624
                ],
                [
                    0.0,
                    0.5816830396652222,
                    0.81341552734375,
                    10.760986328125
                ],
                [
                    0.0,
                    0.0,
                    0.0,
                    1.0
                ]
            ]
        },
        {
            "file_path": "/scratch/tgmeijer/gaussian-splatting/data/c/input/001",
            "rotation": 0.09817477042468103,
            "transform_matrix": [
                [
                    -0.9238795042037964,
                    0.3107975721359253,
                    -0.22327446937561035,
                    -2.679293632507324
                ],
                [
                    -0.3826834559440613,
                    -0.7503316402435303,
                    0.5390322208404541,
                    6.468386650085449
                ],
                [
                    1.4901161193847656e-08,
                    0.583444356918335,
                    0.8121532201766968,
                    10.745838165283203
                ],
                [
                    0.0,
                    0.0,
                    0.0,
                    1.0
                ]
            ]
        },
        {
            "file_path": "/scratch/tgmeijer/gaussian-splatting/data/c/input/002",
            "rotation": 0.09817477042468103,
            "transform_matrix": [
                [
                    -0.8314695954322815,
                    0.4490983188152313,
                    -0.32706117630004883,
                    -3.924734115600586
                ],
                [
                    -0.5555702447891235,
                    -0.6721230745315552,
                    0.4894816279411316,
                    5.873779296875
                ],
                [
                    1.4901161193847656e-08,
                    0.5886945128440857,
                    0.8083555698394775,
                    10.70026683807373
                ],
                [
                    0.0,
                    0.0,
                    0.0,
                    1.0
                ]
            ]
        },
        {
            "file_path": "/scratch/tgmeijer/gaussian-splatting/data/c/input/003",
            "rotation": 0.09817477042468103,
            "transform_matrix": [
                [
                    -0.7071066498756409,
                    0.5670942664146423,
                    -0.42237919569015503,
                    -5.068550109863281
                ],
                [
                    -0.7071067690849304,
                    -0.5670942068099976,
                    0.42237913608551025,
                    5.068549633026123
                ],
                [
                    0.0,
                    0.5973342061042786,
                    0.8019923567771912,
                    10.623908042907715
                ],
                [
                    0.0,
                    0.0,
                    0.0,
                    1.0
                ]
            ]
        },
        {
            "file_path": "/scratch/tgmeijer/gaussian-splatting/data/c/input/004",
            "rotation": 0.09817477042468103,
            "transform_matrix": [
                [
                    -0.5555701851844788,
                    0.659369707107544,
                    -0.50653076171875,
                    -6.078369140625
                ],
                [
                    -0.8314696550369263,
                    -0.4405766725540161,
                    0.3384529948234558,
                    4.061435699462891
                ],
                [
                    1.4901161193847656e-08,
                    0.6091992855072021,
                    0.7930171489715576,
                    10.516205787658691
                ],
                [
                    0.0,
                    0.0,
                    0.0,
                    1.0
                ]
            ]
        },
        {
            "file_path": "/scratch/tgmeijer/gaussian-splatting/data/c/input/005",
            "rotation": 0.09817477042468103,
            "transform_matrix": [
                [
                    -0.3826834261417389,
                    0.7218955755233765,
                    -0.5765590071678162,
                    -6.918707847595215
                ],
                [
                    -0.9238795638084412,
                    -0.2990189492702484,
                    0.23881857097148895,
                    2.8658227920532227
                ],
                [
                    0.0,
                    0.6240628957748413,
                    0.7813740968704224,
                    10.37648868560791
                ],
                [
                    0.0,
                    0.0,
                    0.0,
                    1.0
                ]
            ]
        },
        {
            "file_path": "/scratch/tgmeijer/gaussian-splatting/data/c/input/006",
            "rotation": 0.09817477042468103,
            "transform_matrix": [
                [
                    -0.19509033858776093,
                    0.7522678375244141,
                    -0.6293114423751831,
                    -7.551737308502197
                ],
                [
                    -0.9807852506637573,
                    -0.14963538944721222,
                    0.12517784535884857,
                    1.502134084701538
                ],
                [
                    7.450580152834618e-09,
                    0.6416404247283936,
                    0.7670056223869324,
                    10.20406723022461
                ],
                [
                    0.0,
                    0.0,
                    0.0,
                    1.0
                ]
            ]
        },
        {
            "file_path": "/scratch/tgmeijer/gaussian-splatting/data/c/input/007",
            "rotation": 0.09817477042468103,
            "transform_matrix": [
                [
                    -7.549790126404332e-08,
                    0.7498628497123718,
                    -0.6615933179855347,
                    -7.939119815826416
                ],
                [
                    -1.0,
                    -5.661307156401563e-08,
                    4.994890545617636e-08,
                    5.993868512632616e-07
                ],
                [
                    0.0,
                    0.6615933179855347,
                    0.7498628497123718,
                    9.998353958129883
                ],
                [
                    0.0,
                    0.0,
                    0.0,
                    1.0
                ]
            ]
        },
        {
            "file_path": "/scratch/tgmeijer/gaussian-splatting/data/c/input/008",
            "rotation": 0.09817477042468103,
            "transform_matrix": [
                [
                    0.19509020447731018,
                    0.7158902287483215,
                    -0.6704035997390747,
                    -8.044843673706055
                ],
                [
                    -0.9807853698730469,
                    0.14239932596683502,
                    -0.13335147500038147,
                    -1.6002178192138672
                ],
                [
                    0.0,
                    0.6835376024246216,
                    0.7299152612686157,
                    9.758983612060547
                ],
                [
                    0.0,
                    0.0,
                    0.0,
                    1.0
                ]
            ]
        },
        {
            "file_path": "/scratch/tgmeijer/gaussian-splatting/data/c/input/009",
            "rotation": 0.09817477042468103,
            "transform_matrix": [
                [
                    0.38268333673477173,
                    0.6533329486846924,
                    -0.6532300710678101,
                    -7.8387603759765625
                ],
                [
                    -0.9238796234130859,
                    0.27061927318573,
                    -0.2705766558647156,
                    -3.246919631958008
                ],
                [
                    0.0,
                    0.7070509195327759,
                    0.7071625590324402,
                    9.485950469970703
                ],
                [
                    0.0,
                    0.0,
                    0.0,
                    1.0
                ]
            ]
        },
        {
            "file_path": "/scratch/tgmeijer/gaussian-splatting/data/c/input/010",
            "rotation": 0.09817477042468103,
            "transform_matrix": [
                [
                    0.5555701851844788,
                    0.5667659640312195,
                    -0.6083733439445496,
                    -7.300479888916016
                ],
                [
                    -0.8314697742462158,
                    0.378700852394104,
                    -0.40650200843811035,
                    -4.878024101257324
                ],
                [
                    0.0,
                    0.7316842675209045,
                    0.6816436648368835,
                    9.179723739624023
                ],
                [
                    0.0,
                    0.0,
                    0.0,
                    1.0
                ]
            ]
        },
        {
            "file_path": "/scratch/tgmeijer/gaussian-splatting/data/c/input/011",
            "rotation": 0.09817477042468103,
            "transform_matrix": [
                [
                    0.7071067690849304,
                    0.4620564877986908,
                    -0.5352604985237122,
                    -6.423126697540283
                ],
                [
                    -0.7071067690849304,
                    0.4620564877986908,
                    -0.5352604985237122,
                    -6.423126697540283
                ],
                [
                    0.0,
                    0.7569726705551147,
                    0.6534464955329895,
                    8.841358184814453
                ],
                [
                    0.0,
                    0.0,
                    0.0,
                    1.0
                ]
            ]
        },
        {
            "file_path": "/scratch/tgmeijer/gaussian-splatting/data/c/input/012",
            "rotation": 0.09817477042468103,
            "transform_matrix": [
                [
                    0.8314697742462158,
                    0.34596171975135803,
                    -0.4347052276134491,
                    -5.216463088989258
                ],
                [
                    -0.5555701851844788,
                    0.517768383026123,
                    -0.650582492351532,
                    -7.806990623474121
                ],
                [
                    -1.4901162970204496e-08,
                    0.782448947429657,
                    0.6227146983146667,
                    8.472577095031738
                ],
                [
                    0.0,
                    0.0,
                    0.0,
                    1.0
                ]
            ]
        },
        {
            "file_path": "/scratch/tgmeijer/gaussian-splatting/data/c/input/013",
            "rotation": 0.09817477042468103,
            "transform_matrix": [
                [
                    0.9238796234130859,
                    0.22565007209777832,
                    -0.3090769648551941,
                    -3.70892333984375
                ],
                [
                    -0.38268333673477173,
                    0.5447676777839661,
                    -0.7461780905723572,
                    -8.954136848449707
                ],
                [
                    0.0,
                    0.8076573014259338,
                    0.5896522402763367,
                    8.075826644897461
                ],
                [
                    0.0,
                    0.0,
                    0.0,
                    1.0
                ]
            ]
        },
        {
            "file_path": "/scratch/tgmeijer/gaussian-splatting/data/c/input/014",
            "rotation": 0.09817477042468103,
            "transform_matrix": [
                [
                    0.9807853102684021,
                    0.10818210989236832,
                    -0.1623477041721344,
                    -1.9481723308563232
                ],
                [
                    -0.19509008526802063,
                    0.5438688397407532,
                    -0.816178023815155,
                    -9.794136047363281
                ],
                [
                    -7.450580152834618e-09,
                    0.8321678638458252,
                    0.5545238256454468,
                    7.654285907745361
                ],
                [
                    0.0,
                    0.0,
                    0.0,
                    1.0
                ]
            ]
        },
        {
            "file_path": "/scratch/tgmeijer/gaussian-splatting/data/c/input/015",
            "rotation": 0.09817477042468103,
            "transform_matrix": [
                [
                    1.0,
                    -1.6867335261849803e-07,
                    2.7878644459633506e-07,
                    3.3454373351560207e-06
                ],
                [
                    3.2584134146418364e-07,
                    0.5176548957824707,
                    -0.8555895686149597,
                    -10.267074584960938
                ],
                [
                    0.0,
                    0.8555895090103149,
                    0.5176548957824707,
                    7.211858749389648
                ],
                [
                    0.0,
                    0.0,
                    0.0,
                    1.0
                ]
            ]
        },
        {
            "file_path": "/scratch/tgmeijer/gaussian-splatting/data/c/input/016",
            "rotation": 0.09817477042468103,
            "transform_matrix": [
                [
                    0.9807851910591125,
                    -0.09353148192167282,
                    0.1712082326412201,
                    2.0544986724853516
                ],
                [
                    0.19509072601795197,
                    0.4702134430408478,
                    -0.8607200384140015,
                    -10.32863998413086
                ],
                [
                    7.450580152834618e-09,
                    0.8775825500488281,
                    0.4794255495071411,
                    6.753106594085693
                ],
                [
                    0.0,
                    0.0,
                    0.0,
                    1.0
                ]
            ]
        },
        {
            "file_path": "/scratch/tgmeijer/gaussian-splatting/data/c/input/017",
            "rotation": 0.09817477042468103,
            "transform_matrix": [
                [
                    0.9238793849945068,
                    -0.16848179697990417,
                    0.343599796295166,
                    4.12319803237915
                ],
                [
                    0.3826839029788971,
                    0.40675047039985657,
                    -0.8295221328735352,
                    -9.954266548156738
                ],
                [
                    0.0,
                    0.8978685736656189,
                    0.4402635991573334,
                    6.283164024353027
                ],
                [
                    0.0,
                    0.0,
                    0.0,
                    1.0
                ]
            ]
        },
        {
            "file_path": "/scratch/tgmeijer/gaussian-splatting/data/c/input/018",
            "rotation": 0.09817477042468103,
            "transform_matrix": [
                [
                    0.8314692974090576,
                    -0.22258083522319794,
                    0.5090349316596985,
                    6.108419418334961
                ],
                [
                    0.555570662021637,
                    0.3331153392791748,
                    -0.7618237137794495,
                    -9.141884803771973
                ],
                [
                    1.4901159417490817e-08,
                    0.9162379503250122,
                    0.4006345868110657,
                    5.807615280151367
                ],
                [
                    0.0,
                    0.0,
                    0.0,
                    1.0
                ]
            ]
        },
        {
            "file_path": "/scratch/tgmeijer/gaussian-splatting/data/c/input/019",
            "rotation": 0.09817477042468103,
            "transform_matrix": [
                [
                    0.707106351852417,
                    -0.25528669357299805,
                    0.6594159007072449,
                    7.912990570068359
                ],
                [
                    0.7071071863174438,
                    0.25528642535209656,
                    -0.6594151258468628,
                    -7.912981033325195
                ],
                [
                    -1.4901161193847656e-08,
                    0.9325542449951172,
                    0.3610297441482544,
                    5.332356929779053
                ],
                [
                    0.0,
                    0.0,
                    0.0,
                    1.0
                ]
            ]
        },
        {
            "file_path": "/scratch/tgmeijer/gaussian-splatting/data/c/input/020",
            "rotation": 0.09817477042468103,
            "transform_matrix": [
                [
                    0.555569589138031,
                    -0.26769500970840454,
                    0.7871986627578735,
                    9.44638442993164
                ],
                [
                    0.8314700126647949,
                    0.17886780202388763,
                    -0.5259884595870972,
                    -6.311861991882324
                ],
                [
                    0.0,
                    0.9467554092407227,
                    0.32195383310317993,
                    4.863446235656738
                ],
                [
                    0.0,
                    0.0,
                    0.0,
                    1.0
                ]
            ]
        },
        {
            "file_path": "/scratch/tgmeijer/gaussian-splatting/data/c/input/021",
            "rotation": 0.09817477042468103,
            "transform_matrix": [
                [
                    0.3826826512813568,
                    -0.2623005211353302,
                    0.8858625292778015,
                    10.630350112915039
                ],
                [
                    0.923879861831665,
                    0.10864818096160889,
                    -0.3669354319572449,
                    -4.403224945068359
                ],
                [
                    0.0,
                    0.9588503241539001,
                    0.28391194343566895,
                    4.406943321228027
                ],
                [
                    0.0,
                    0.0,
                    0.0,
                    1.0
                ]
            ]
        },
        {
            "file_path": "/scratch/tgmeijer/gaussian-splatting/data/c/input/022",
            "rotation": 0.09817477042468103,
            "transform_matrix": [
                [
                    0.1950894594192505,
                    -0.24264393746852875,
                    0.9502967596054077,
                    11.40356159210205
                ],
                [
                    0.9807854890823364,
                    0.04826465621590614,
                    -0.1890248954296112,
                    -2.268298864364624
                ],
                [
                    0.0,
                    0.9689140319824219,
                    0.2473975569009781,
                    3.968770742416382
                ],
                [
                    0.0,
                    0.0,
                    0.0,
                    1.0
                ]
            ]
        },
        {
            "file_path": "/scratch/tgmeijer/gaussian-splatting/data/c/input/023",
            "rotation": 0.09817477042468103,
            "transform_matrix": [
                [
                    -9.655992698753835e-07,
                    -0.21288137137889862,
                    0.9770780205726624,
                    11.724936485290527
                ],
                [
                    1.0,
                    -2.0555809499001043e-07,
                    9.434657499696186e-07,
                    1.1321589227009099e-05
                ],
                [
                    1.4210854715202004e-14,
                    0.9770779609680176,
                    0.212881401181221,
                    3.554576873779297
                ],
                [
                    0.0,
                    0.0,
                    0.0,
                    1.0
                ]
            ]
        },
        {
            "file_path": "/scratch/tgmeijer/gaussian-splatting/data/c/input/024",
            "rotation": 0.09817477042468103,
            "transform_matrix": [
                [
                    -0.1950913667678833,
                    -0.17732802033424377,
                    0.9646212458610535,
                    11.575454711914062
                ],
                [
                    0.9807851910591125,
                    -0.03527292609214783,
                    0.1918761432170868,
                    2.302513599395752
                ],
                [
                    -3.725290742551124e-09,
                    0.9835194945335388,
                    0.1808021068572998,
                    3.1696252822875977
                ],
                [
                    0.0,
                    0.0,
                    0.0,
                    1.0
                ]
            ]
        },
        {
            "file_path": "/scratch/tgmeijer/gaussian-splatting/data/c/input/025",
            "rotation": 0.09817477042468103,
            "transform_matrix": [
                [
                    -0.38268449902534485,
                    -0.1400221735239029,
                    0.9132066965103149,
                    10.958479881286621
                ],
                [
                    0.9238791465759277,
                    -0.05799926817417145,
                    0.37826380133628845,
                    4.539165496826172
                ],
                [
                    0.0,
                    0.9884481430053711,
                    0.1515589952468872,
                    2.8187079429626465
                ],
                [
                    0.0,
                    0.0,
                    0.0,
                    1.0
                ]
            ]
        },
        {
            "file_path": "/scratch/tgmeijer/gaussian-splatting/data/c/input/026",
            "rotation": 0.09817477042468103,
            "transform_matrix": [
                [
                    -0.5555712580680847,
                    -0.10435500741004944,
                    0.8248943090438843,
                    9.898731231689453
                ],
                [
                    0.8314688801765442,
                    -0.06972797214984894,
                    0.5511782169342041,
                    6.614138603210449
                ],
                [
                    -3.7252898543727042e-09,
                    0.9920927286148071,
                    0.12550681829452515,
                    2.5060818195343018
                ],
                [
                    0.0,
                    0.0,
                    0.0,
                    1.0
                ]
            ]
        },
        {
            "file_path": "/scratch/tgmeijer/gaussian-splatting/data/c/input/027",
            "rotation": 0.09817477042468103,
            "transform_matrix": [
                [
                    -0.707107663154602,
                    -0.07279845327138901,
                    0.7033485174179077,
                    8.440181732177734
                ],
                [
                    0.7071058750152588,
                    -0.07279863208532333,
                    0.703350305557251,
                    8.440203666687012
                ],
                [
                    -3.725290298461914e-09,
                    0.9946862459182739,
                    0.10295268148183823,
                    2.2354321479797363
                ],
                [
                    0.0,
                    0.0,
                    0.0,
                    1.0
                ]
            ]
        },
        {
            "file_path": "/scratch/tgmeijer/gaussian-splatting/data/c/input/028",
            "rotation": 0.09817477042468103,
            "transform_matrix": [
                [
                    -0.8314703106880188,
                    -0.04675367474555969,
                    0.5535982847213745,
                    6.643179893493652
                ],
                [
                    0.5555691123008728,
                    -0.06997203081846237,
                    0.8285208940505981,
                    9.942251205444336
                ],
                [
                    0.0,
                    0.9964527487754822,
                    0.08415456116199493,
                    2.009854793548584
                ],
                [
                    0.0,
                    0.0,
                    0.0,
                    1.0
                ]
            ]
        },
        {
            "file_path": "/scratch/tgmeijer/gaussian-splatting/data/c/input/029",
            "rotation": 0.09817477042468103,
            "transform_matrix": [
                [
                    -0.9238801598548889,
                    -0.02652798779308796,
                    0.3817615211009979,
                    4.5811381340026855
                ],
                [
                    0.3826821446418762,
                    -0.06404448300600052,
                    0.9216575622558594,
                    11.059890747070312
                ],
                [
                    -1.862645149230957e-09,
                    0.9975944757461548,
                    0.06932120770215988,
                    1.8318544626235962
                ],
                [
                    0.0,
                    0.0,
                    0.0,
                    1.0
                ]
            ]
        },
        {
            "file_path": "/scratch/tgmeijer/gaussian-splatting/data/c/input/030",
            "rotation": 0.09817477042468103,
            "transform_matrix": [
                [
                    -0.9807854890823364,
                    -0.011434744112193584,
                    0.19475343823432922,
                    2.337041139602661
                ],
                [
                    0.19508880376815796,
                    -0.057486798614263535,
                    0.979099452495575,
                    11.74919319152832
                ],
                [
                    0.0,
                    0.9982808232307434,
                    0.05861301347613335,
                    1.703356146812439
                ],
                [
                    0.0,
                    0.0,
                    0.0,
                    1.0
                ]
            ]
        },
        {
            "file_path": "/scratch/tgmeijer/gaussian-splatting/data/c/input/031",
            "rotation": 0.09817477042468103,
            "transform_matrix": [
                [
                    -1.0,
                    8.370848547656351e-08,
                    -1.6031730183385662e-06,
                    -1.9238077584304847e-05
                ],
                [
                    -1.6053570561780361e-06,
                    -0.052143219858407974,
                    0.9986395835876465,
                    11.983675956726074
                ],
                [
                    7.105427357601002e-15,
                    0.998639702796936,
                    0.05214321240782738,
                    1.625718593597412
                ],
                [
                    0.0,
                    0.0,
                    0.0,
                    1.0
                ]
            ]
        },
        {
            "file_path": "/scratch/tgmeijer/gaussian-splatting/data/c/input/032",
            "rotation": 0.09817477042468103,
            "transform_matrix": [
                [
                    -0.9807850122451782,
                    0.00975053384900093,
                    -0.1948481649160385,
                    -2.3381779193878174
                ],
                [
                    -0.19509196281433105,
                    -0.04901881515979767,
                    0.9795593023300171,
                    11.754711151123047
                ],
                [
                    0.0,
                    0.9987503290176392,
                    0.04997917264699936,
                    1.59975004196167
                ],
                [
                    0.0,
                    0.0,
                    0.0,
                    1.0
                ]
            ]
        },
        {
            "file_path": "/scratch/tgmeijer/gaussian-splatting/data/c/input/033",
            "rotation": 0.09817477042468103,
            "transform_matrix": [
                [
                    -0.9238787889480591,
                    0.01995442993938923,
                    -0.38216447830200195,
                    -4.585973739624023
                ],
                [
                    -0.38268500566482544,
                    -0.048174016177654266,
                    0.9226220846176147,
                    11.071464538574219
                ],
                [
                    0.0,
                    0.998639702796936,
                    0.052143216133117676,
                    1.625718593597412
                ],
                [
                    0.0,
                    0.0,
                    0.0,
                    1.0
                ]
            ]
        },
        {
            "file_path": "/scratch/tgmeijer/gaussian-splatting/data/c/input/034",
            "rotation": 0.09817477042468103,
            "transform_matrix": [
                [
                    -0.8314685821533203,
                    0.03256373479962349,
                    -0.5546166896820068,
                    -6.655399322509766
                ],
                [
                    -0.5555717945098877,
                    -0.0487348809838295,
                    0.8300392031669617,
                    9.960469245910645
                ],
                [
                    -1.8626449271863521e-09,
                    0.9982808232307434,
                    0.058613020926713943,
                    1.703356146812439
                ],
                [
                    0.0,
                    0.0,
                    0.0,
                    1.0
                ]
            ]
        },
        {
            "file_path": "/scratch/tgmeijer/gaussian-splatting/data/c/input/035",
            "rotation": 0.09817477042468103,
            "transform_matrix": [
                [
                    -0.7071053981781006,
                    0.049017585813999176,
                    -0.7054070830345154,
                    -8.464885711669922
                ],
                [
                    -0.7071080803871155,
                    -0.04901739954948425,
                    0.7054044008255005,
                    8.464853286743164
                ],
                [
                    0.0,
                    0.9975944757461548,
                    0.06932120025157928,
                    1.8318544626235962
                ],
                [
                    0.0,
                    0.0,
                    0.0,
                    1.0
                ]
            ]
        },
        {
            "file_path": "/scratch/tgmeijer/gaussian-splatting/data/c/input/036",
            "rotation": 0.09817477042468103,
            "transform_matrix": [
                [
                    -0.5555685758590698,
                    0.06997206807136536,
                    -0.828521192073822,
                    -9.942255020141602
                ],
                [
                    -0.8314707279205322,
                    -0.04675363376736641,
                    0.5535977482795715,
                    6.643173694610596
                ],
                [
                    3.725290298461914e-09,
                    0.9964527487754822,
                    0.08415456116199493,
                    2.009854793548584
                ],
                [
                    0.0,
                    0.0,
                    0.0,
                    1.0
                ]
            ]
        },
        {
            "file_path": "/scratch/tgmeijer/gaussian-splatting/data/c/input/037",
            "rotation": 0.09817477042468103,
            "transform_matrix": [
                [
                    -0.3826815187931061,
                    0.09511595964431763,
                    -0.918971061706543,
                    -11.027652740478516
                ],
                [
                    -0.9238803386688232,
                    -0.03939808905124664,
                    0.38064807653427124,
                    4.567776679992676
                ],
                [
                    0.0,
                    0.9946862459182739,
                    0.10295268148183823,
                    2.2354321479797363
                ],
                [
                    0.0,
                    0.0,
                    0.0,
                    1.0
                ]
            ]
        },
        {
            "file_path": "/scratch/tgmeijer/gaussian-splatting/data/c/input/038",
            "rotation": 0.09817477042468103,
            "transform_matrix": [
                [
                    -0.1950882077217102,
                    0.12309527397155762,
                    -0.9730303883552551,
                    -11.67636489868164
                ],
                [
                    -0.9807857275009155,
                    -0.024484897032380104,
                    0.19354559481143951,
                    2.322547197341919
                ],
                [
                    0.0,
                    0.9920927286148071,
                    0.12550680339336395,
                    2.5060818195343018
                ],
                [
                    0.0,
                    0.0,
                    0.0,
                    1.0
                ]
            ]
        },
        {
            "file_path": "/scratch/tgmeijer/gaussian-splatting/data/c/input/039",
            "rotation": 0.09817477042468103,
            "transform_matrix": [
                [
                    2.2451149561675265e-06,
                    0.1515589952468872,
                    -0.9884482622146606,
                    -11.86137866973877
                ],
                [
                    -1.0,
                    3.402673200980644e-07,
                    -2.2191798052517697e-06,
                    -2.6630157663021237e-05
                ],
                [
                    0.0,
                    0.9884482026100159,
                    0.1515589952468872,
                    2.8187079429626465
                ],
                [
                    0.0,
                    0.0,
                    0.0,
                    1.0
                ]
            ]
        },
        {
            "file_path": "/scratch/tgmeijer/gaussian-splatting/data/c/input/040",
            "rotation": 0.09817477042468103,
            "transform_matrix": [
                [
                    0.19509215652942657,
                    0.177327960729599,
                    -0.9646210670471191,
                    -11.57545280456543
                ],
                [
                    -0.9807849526405334,
                    0.03527307137846947,
                    -0.19187693297863007,
                    -2.302523136138916
                ],
                [
                    3.725290298461914e-09,
                    0.9835194945335388,
                    0.1808021068572998,
                    3.1696252822875977
                ],
                [
                    0.0,
                    0.0,
                    0.0,
                    1.0
                ]
            ]
        },
        {
            "file_path": "/scratch/tgmeijer/gaussian-splatting/data/c/input/041",
            "rotation": 0.09817477042468103,
            "transform_matrix": [
                [
                    0.38268476724624634,
                    0.19667665660381317,
                    -0.9027017951011658,
                    -10.832422256469727
                ],
                [
                    -0.9238789677619934,
                    0.08146647363901138,
                    -0.37391287088394165,
                    -4.486954689025879
                ],
                [
                    -7.450580596923828e-09,
                    0.9770780205726624,
                    0.212881401181221,
                    3.554576873779297
                ],
                [
                    0.0,
                    0.0,
                    0.0,
                    1.0
                ]
            ]
        },
        {
            "file_path": "/scratch/tgmeijer/gaussian-splatting/data/c/input/042",
            "rotation": 0.09817477042468103,
            "transform_matrix": [
                [
